time (s)	energy (uJ)	charge (mC)	voltage (mV)	crossing#mod 255
6018.671857	118.107063	0.034768	3.396960	108
6019.700060	134.321503	0.034761	3.864135	109
6020.736893	127.611252	0.034777	3.669400	110
6021.776637	144.370316	0.034781	4.150887	111
6022.808688	137.715927	0.034732	3.965072	112
6023.850039	135.970139	0.034738	3.914156	113
6024.881500	126.866013	0.034733	3.652638	114
6025.933618	137.654800	0.034778	3.958103	115
6026.966733	130.136612	0.034750	3.744926	116
6028.002523	143.789078	0.034770	4.135461	117
6029.036985	141.623993	0.034740	4.076640	118
6030.078646	147.580261	0.034769	4.244631	119
6031.113209	135.193619	0.034761	3.889209	120
6032.147495	142.322128	0.034691	4.102551	121
6033.189518	128.640381	0.034732	3.703780	122
6034.221399	145.132629	0.034760	4.175304	123
6035.269399	136.913345	0.034736	3.941518	124
6036.296904	150.759995	0.034719	4.342338	125
6037.346475	130.092712	0.034733	3.745497	126
6038.369592	147.724152	0.034719	4.254801	127
6039.420420	263.174011	0.034717	7.580585	128
6040.444804	147.413925	0.034710	4.247061	129
6041.491001	137.755478	0.034745	3.964770	130
6042.522323	146.729752	0.034712	4.227039	131
6043.565425	132.295731	0.034742	3.807932	132
6044.595000	143.909576	0.034746	4.141719	133
6045.636746	136.502228	0.034682	3.935855	134
6046.672633	144.583099	0.034713	4.165133	135
6047.712433	135.481400	0.034747	3.899040	136
6048.747994	142.701385	0.034708	4.111479	137
6049.784323	134.619324	0.034743	3.874699	138
6050.843792	116.655289	0.034723	3.359596	139
6051.867084	125.334343	0.034710	3.610909	140
6052.898407	138.096161	0.034699	3.979829	141
6053.933207	132.319427	0.034742	3.808620	142
6054.970236	141.394455	0.034726	4.071665	143
6056.006192	133.332245	0.034741	3.837919	144
6057.045306	138.015198	0.034720	3.975136	145
6058.077998	136.927887	0.034744	3.941039	146
6059.120741	134.430313	0.034751	3.868442	147
6060.153392	131.576401	0.034715	3.790230	148
6061.193517	135.715332	0.034687	3.912625	149
6062.229364	131.614044	0.034699	3.793019	150
6063.266877	133.789581	0.034696	3.856009	151
6064.301564	129.140121	0.034699	3.721774	152
6065.338983	113.021431	0.034716	3.255637	153
6066.378668	114.440285	0.034678	3.300112	154
6067.411909	132.437836	0.034713	3.815248	155
6068.453268	127.872810	0.034713	3.683705	156
6069.485288	128.761856	0.034734	3.707078	157
6070.526506	126.358444	0.034696	3.641828	158
6071.555977	130.325378	0.034687	3.757152	159
6072.603847	121.176178	0.034702	3.491928	160
6073.630223	129.107941	0.034704	3.720243	161
6074.675874	112.697067	0.034671	3.250445	162
6075.703287	129.994995	0.034694	3.746875	163
6076.747459	124.172615	0.034716	3.576774	164
6077.779341	126.009773	0.034692	3.632246	165
6078.819447	125.294464	0.034685	3.612382	166
6079.853539	125.067490	0.034709	3.603311	167
6080.892639	124.328384	0.034707	3.582270	168
6081.928202	123.111763	0.034637	3.554315	169
6082.964989	122.776939	0.034705	3.537762	170
6083.999889	123.299416	0.034691	3.554220	171
6085.039667	119.653938	0.034682	3.450069	172
6086.075724	110.397018	0.034703	3.181210	173
6087.114109	117.405319	0.034686	3.384762	174
6088.148798	117.397186	0.034682	3.384923	175
6089.186688	115.699760	0.034716	3.332771	176
6090.235765	92.782555	0.034692	2.674442	177
6091.259285	118.206573	0.034714	3.405174	178
6092.293598	117.588257	0.034701	3.388608	179
6093.333814	118.226738	0.034688	3.408308	180
6094.367529	116.658150	0.034723	3.359696	181
6095.407348	112.582703	0.034652	3.248981	182
6096.439636	114.528519	0.034698	3.300705	183
6097.481564	112.439537	0.034656	3.244400	184
6098.511305	112.028961	0.034695	3.228983	185
6099.555647	112.498047	0.034695	3.242494	186
6100.587307	106.312057	0.034672	3.066264	187
6101.628732	111.958633	0.034732	3.223465	188
6102.658460	108.644173	0.034716	3.129493	189
6103.701927	109.734779	0.034659	3.166133	190
6104.732841	287.738953	0.034683	8.296297	191
6105.773877	91.058701	0.034688	2.625071	192
6106.805187	105.769257	0.034704	3.047738	193
6107.846642	104.105652	0.034689	3.001115	194
6108.881914	101.566299	0.034685	2.928261	195
6109.917709	105.296074	0.034688	3.035526	196
6110.954080	105.732285	0.034674	3.049285	197
6111.990117	107.653534	0.034637	3.108012	198
6113.028115	100.315491	0.034686	2.892071	199
6114.063791	103.203636	0.034685	2.975456	200
6115.102587	98.479118	0.034709	2.837267	201
6116.135243	105.264854	0.034695	3.034021	202
6117.175202	99.046768	0.034730	2.851927	203
6118.209252	101.732063	0.034686	2.932980	204
6119.248518	96.689690	0.034692	2.787098	205
6120.281419	103.051926	0.034788	2.962283	206
6121.318260	98.691788	0.034677	2.846049	207
6122.357251	99.436684	0.034681	2.867162	208
6123.393416	94.478622	0.034722	2.720987	209
6124.430507	98.508217	0.034712	2.837862	210
6125.462850	99.433342	0.034693	2.866093	211
6126.503702	98.492508	0.034677	2.840302	212
6127.535491	96.415863	0.034714	2.777406	213
6128.577809	97.334877	0.034712	2.804044	214
6129.609162	93.179405	0.034586	2.694136	215
6130.652878	94.768585	0.034619	2.737475	216
6131.681796	91.138657	0.034715	2.625329	217
6132.725833	95.591499	0.034695	2.755187	218
6133.755110	89.213280	0.034642	2.575317	219
6134.798267	96.600136	0.034691	2.784561	220
6135.826129	94.381767	0.034709	2.719261	221
6136.871175	303.099182	0.034638	8.750546	222
6137.900027	91.183388	0.034644	2.632043	223
6138.961267	65.406281	0.034663	1.886920	224
6139.974047	83.885773	0.034678	2.418973	225
6141.014170	86.010201	0.034707	2.478205	226
6142.047823	88.696297	0.034673	2.558054	227
6143.088321	91.723747	0.034688	2.644236	228
6144.120422	90.280563	0.034713	2.600795	229
6145.160960	91.116119	0.034633	2.630926	230
6146.194492	87.264175	0.034631	2.519839	231
6147.232086	94.017303	0.034679	2.711055	232
6148.266455	88.058014	0.034703	2.537497	233
6149.304684	93.919182	0.034663	2.709474	234
6150.340367	85.264885	0.034711	2.456388	235
6151.379063	93.152977	0.034709	2.683850	236
6152.410703	88.216354	0.034671	2.544413	237
