crossing time (s)	slope (V/s)	crossing number
281474976710655.000000	4.548360	1080	0.000000
281474976710655.000000	2.424306	1081	1601122432.000000
281474976710655.000000	3.740175	1082	1602141184.000000
281474976710655.000000	4.910800	1083	1603188736.000000
281474976710655.000000	2.707527	1084	1604222720.000000
281474976710655.000000	5.370777	1085	1605243520.000000
281474976710655.000000	4.476208	1086	1606297216.000000
281474976710655.000000	3.038604	1087	1607309824.000000
281474976710655.000000	4.830132	1088	1608360704.000000
281474976710655.000000	2.115201	1089	1609413120.000000
281474976710655.000000	4.996286	1090	1610427264.000000
281474976710655.000000	5.354411	1091	1611471488.000000
281474976710655.000000	3.157668	1092	1612496128.000000
281474976710655.000000	4.972717	1093	1613533312.000000
281474976710655.000000	3.631158	1094	1614580352.000000
281474976710655.000000	2.522366	1095	1615600640.000000
281474976710655.000000	4.090887	1096	1616642560.000000
281474976710655.000000	4.366669	1097	1617688320.000000
281474976710655.000000	4.140245	1098	1618713728.000000
281474976710655.000000	4.027046	1099	1619750912.000000
281474976710655.000000	4.941506	1100	1620780544.000000
281474976710655.000000	3.155417	1101	1621835392.000000
281474976710655.000000	4.951283	1102	1622847616.000000
281474976710655.000000	5.452591	1103	1623907456.000000
281474976710655.000000	4.361489	1104	1624918272.000000
281474976710655.000000	5.419983	1105	1625969536.000000
281474976710655.000000	3.862594	1106	1626997888.000000
281474976710655.000000	3.821528	1107	1628038144.000000
281474976710655.000000	5.250014	1108	1629068160.000000
281474976710655.000000	3.455395	1109	1630121728.000000
281474976710655.000000	5.398467	1110	1631135232.000000
281474976710655.000000	5.495967	1111	1632188288.000000
281474976710655.000000	4.676798	1112	1633205120.000000
281474976710655.000000	5.342563	1113	1634254848.000000
281474976710655.000000	4.484168	1114	1635283328.000000
281474976710655.000000	4.148333	1115	1636325632.000000
281474976710655.000000	5.554434	1116	1637351808.000000
281474976710655.000000	4.182575	1117	1638404224.000000
281474976710655.000000	5.553023	1118	1639420032.000000
281474976710655.000000	5.844237	1119	1640472576.000000
281474976710655.000000	4.133664	1120	1641497600.000000
281474976710655.000000	5.058094	1121	1642539008.000000
281474976710655.000000	5.880268	1122	1643570688.000000
281474976710655.000000	5.328131	1123	1644609536.000000
281474976710655.000000	5.094566	1124	1645643008.000000
281474976710655.000000	4.600740	1125	1646677632.000000
281474976710655.000000	4.830016	1126	1647718272.000000
281474976710655.000000	4.647990	1127	1648747392.000000
281474976710655.000000	6.052711	1128	1649789696.000000
281474976710655.000000	4.832756	1129	1650821760.000000
281474976710655.000000	5.313307	1130	1651859456.000000
281474976710655.000000	6.287071	1131	1652890368.000000
281474976710655.000000	5.081427	1132	1653936128.000000
281474976710655.000000	5.932813	1133	1654957568.000000
281474976710655.000000	6.294860	1134	1656007680.000000
281474976710655.000000	5.294868	1135	1657031040.000000
281474976710655.000000	5.854674	1136	1658075648.000000
281474976710655.000000	5.618395	1137	1659105664.000000
281474976710655.000000	5.344370	1138	1660148864.000000
281474976710655.000000	6.780452	1139	1661173888.000000
281474976710655.000000	6.010868	1140	1662223872.000000
281474976710655.000000	6.308746	1141	1663243648.000000
281474976710655.000000	6.468436	1142	1664292736.000000
281474976710655.000000	5.285040	1143	1665319040.000000
281474976710655.000000	6.218517	1144	1666362368.000000
281474976710655.000000	6.410289	1145	1667392000.000000
281474976710655.000000	5.909029	1146	1668435072.000000
281474976710655.000000	6.343573	1147	1669461120.000000
281474976710655.000000	6.395241	1148	1670507648.000000
281474976710655.000000	5.744562	1149	1671533952.000000
281474976710655.000000	6.700866	1150	1672576000.000000
281474976710655.000000	6.383851	1151	1673610112.000000
281474976710655.000000	6.601473	1152	1674646272.000000
281474976710655.000000	6.586407	1153	1675680640.000000
281474976710655.000000	6.407079	1154	1676715648.000000
281474976710655.000000	6.230203	1155	1677756032.000000
281474976710655.000000	6.632944	1156	1678785792.000000
281474976710655.000000	6.889960	1157	1679828352.000000
281474976710655.000000	6.701856	1158	1680857856.000000
281474976710655.000000	7.353465	1159	1681898624.000000
281474976710655.000000	6.947047	1160	1682929536.000000
281474976710655.000000	6.667767	1161	1683973504.000000
281474976710655.000000	7.886892	1162	1684999168.000000
281474976710655.000000	7.184738	1163	1686045440.000000
281474976710655.000000	7.155516	1164	1687070976.000000
281474976710655.000000	7.468775	1165	1688115200.000000
281474976710655.000000	7.400752	1166	1689144960.000000
281474976710655.000000	6.912958	1167	1690186880.000000
281474976710655.000000	7.916762	1168	1691216000.000000
281474976710655.000000	7.298597	1169	1692260608.000000
281474976710655.000000	8.036728	1170	1693285760.000000
281474976710655.000000	8.046397	1171	1694332544.000000
281474976710655.000000	7.545422	1172	1695359488.000000
281474976710655.000000	8.055010	1173	1696402048.000000
281474976710655.000000	8.070141	1174	1697431424.000000
281474976710655.000000	7.828413	1175	1698474368.000000
281474976710655.000000	7.862443	1176	1699503872.000000
281474976710655.000000	7.649685	1177	1700545536.000000
281474976710655.000000	7.503231	1178	1701578624.000000
281474976710655.000000	8.190445	1179	1702615296.000000
281474976710655.000000	8.402959	1180	1703650560.000000
281474976710655.000000	8.119081	1181	1704686336.000000
281474976710655.000000	7.976654	1182	1705723648.000000
281474976710655.000000	8.481248	1183	1706756224.000000
281474976710655.000000	8.054404	1184	1707796224.000000
281474976710655.000000	8.393086	1185	1708827136.000000
281474976710655.000000	8.688964	1186	1709869568.000000
281474976710655.000000	8.403580	1187	1710899072.000000
281474976710655.000000	8.321851	1188	1711940480.000000
281474976710655.000000	9.818421	1189	1712971264.000000
281474976710655.000000	8.366307	1190	1714013824.000000
281474976710655.000000	10.339209	1191	1715041920.000000
281474976710655.000000	8.981046	1192	1716086400.000000
281474976710655.000000	9.277850	1193	1717114112.000000
281474976710655.000000	8.745305	1194	1718156544.000000
281474976710655.000000	9.841831	1195	1719187072.000000
281474976710655.000000	9.700305	1196	1720229248.000000
281474976710655.000000	10.147519	1197	1721258368.000000
281474976710655.000000	8.954999	1198	1722301824.000000
281474976710655.000000	9.932576	1199	1723330432.000000
281474976710655.000000	10.291715	1200	1724372480.000000
281474976710655.000000	10.173661	1201	1725404160.000000
281474976710655.000000	9.712896	1202	1726443264.000000
281474976710655.000000	10.139330	1203	1727475840.000000
281474976710655.000000	9.831494	1204	1728514048.000000
281474976710655.000000	10.683310	1205	1729549568.000000
281474976710655.000000	10.635624	1206	1730584960.000000
281474976710655.000000	10.506927	1207	1731624704.000000
281474976710655.000000	8.935354	1208	1732656000.000000
281474976710655.000000	9.325009	1209	1733696640.000000
281474976710655.000000	10.441199	1210	1734727168.000000
281474976710655.000000	10.615019	1211	1735769344.000000
281474976710655.000000	10.297691	1212	1736798720.000000
281474976710655.000000	10.739522	1213	1737842304.000000
