crossing time (s)	slope (V/s)	crossing number
281474976710655.000000	3.574316	2776	0.000000
281474976710655.000000	2.970543	2777	0.000000
281474976710655.000000	3.280935	2778	3526369792.000000
281474976710655.000000	3.150089	2779	3527450624.000000
281474976710655.000000	3.111124	2780	3528441088.000000
281474976710655.000000	3.283736	2781	3529519104.000000
281474976710655.000000	3.141391	2782	3530527232.000000
281474976710655.000000	3.516881	2783	3531587072.000000
281474976710655.000000	3.558149	2784	3532587520.000000
281474976710655.000000	3.084171	2785	3533658880.000000
281474976710655.000000	3.383242	2786	3534672384.000000
281474976710655.000000	3.300935	2787	3535721984.000000
281474976710655.000000	3.229147	2788	3536743424.000000
281474976710655.000000	3.565139	2789	3537791232.000000
281474976710655.000000	3.334882	2790	3538811904.000000
281474976710655.000000	3.533320	2791	3539867392.000000
281474976710655.000000	3.417292	2792	3540890112.000000
281474976710655.000000	3.348555	2793	3541937664.000000
281474976710655.000000	3.604611	2794	3542956544.000000
281474976710655.000000	3.733230	2795	3544010240.000000
281474976710655.000000	3.961036	2796	3545026048.000000
281474976710655.000000	3.316034	2797	3546084864.000000
281474976710655.000000	3.534569	2798	3547101696.000000
281474976710655.000000	3.909546	2799	3548153088.000000
281474976710655.000000	3.990170	2800	3549171200.000000
281474976710655.000000	3.662309	2801	3550226944.000000
281474976710655.000000	3.964572	2802	3551244800.000000
281474976710655.000000	3.759109	2803	3552294912.000000
281474976710655.000000	3.863484	2804	3553315584.000000
281474976710655.000000	3.702239	2805	3554369024.000000
281474976710655.000000	4.044301	2806	3555390720.000000
281474976710655.000000	3.966839	2807	3556437760.000000
281474976710655.000000	4.025440	2808	3557461504.000000
281474976710655.000000	3.823810	2809	3558513408.000000
281474976710655.000000	4.371544	2810	3559533056.000000
281474976710655.000000	4.085875	2811	3560583936.000000
281474976710655.000000	4.244658	2812	3561600768.000000
281474976710655.000000	4.019133	2813	3562659328.000000
281474976710655.000000	4.272182	2814	3563672576.000000
281474976710655.000000	4.319862	2815	3564734464.000000
281474976710655.000000	4.322571	2816	3565740288.000000
281474976710655.000000	4.551771	2817	3566807808.000000
281474976710655.000000	4.465704	2818	3567813120.000000
281474976710655.000000	4.383311	2819	3568879872.000000
281474976710655.000000	4.423974	2820	3569882880.000000
281474976710655.000000	4.528995	2821	3570952448.000000
281474976710655.000000	4.614888	2822	3571954688.000000
281474976710655.000000	4.464933	2823	3573024000.000000
281474976710655.000000	4.439663	2824	3574028032.000000
281474976710655.000000	4.728398	2825	3575095552.000000
281474976710655.000000	4.685731	2826	3576101120.000000
281474976710655.000000	4.714045	2827	3577165568.000000
281474976710655.000000	4.757915	2828	3578174208.000000
281474976710655.000000	4.795419	2829	3579238400.000000
281474976710655.000000	5.009578	2830	3580245504.000000
281474976710655.000000	4.612075	2831	3581309952.000000
281474976710655.000000	4.724844	2832	3582317312.000000
281474976710655.000000	4.869179	2833	3583381504.000000
281474976710655.000000	4.856859	2834	3584389888.000000
281474976710655.000000	4.863715	2835	3585453824.000000
281474976710655.000000	5.314522	2836	3586460160.000000
281474976710655.000000	4.966791	2837	3587526400.000000
281474976710655.000000	5.057720	2838	3588533504.000000
281474976710655.000000	5.241694	2839	3589598464.000000
281474976710655.000000	5.523416	2840	3590605568.000000
281474976710655.000000	5.343384	2841	3591670528.000000
281474976710655.000000	5.298863	2842	3592677632.000000
281474976710655.000000	5.169744	2843	3593742080.000000
281474976710655.000000	5.281565	2844	3594748928.000000
281474976710655.000000	5.467558	2845	3595814144.000000
281474976710655.000000	5.670356	2846	3596823040.000000
281474976710655.000000	5.745406	2847	3597884672.000000
281474976710655.000000	5.569690	2848	3598896896.000000
281474976710655.000000	5.345548	2849	3599954432.000000
281474976710655.000000	5.754576	2850	3600970496.000000
281474976710655.000000	5.518631	2851	3602023424.000000
281474976710655.000000	5.727746	2852	3603045632.000000
281474976710655.000000	5.342091	2853	3604094208.000000
281474976710655.000000	5.783419	2854	3605119488.000000
281474976710655.000000	6.038993	2855	3606165248.000000
281474976710655.000000	6.032905	2856	3607191808.000000
281474976710655.000000	5.701814	2857	3608238080.000000
281474976710655.000000	5.885726	2858	3609264128.000000
281474976710655.000000	5.980807	2859	3610310656.000000
281474976710655.000000	6.161250	2860	3611334656.000000
281474976710655.000000	5.692422	2861	3612382976.000000
281474976710655.000000	6.206160	2862	3613407488.000000
281474976710655.000000	5.822534	2863	3614455040.000000
281474976710655.000000	6.347019	2864	3615479552.000000
281474976710655.000000	5.888422	2865	3616527360.000000
281474976710655.000000	6.383592	2866	3617550592.000000
281474976710655.000000	5.889192	2867	3618598400.000000
281474976710655.000000	6.360661	2868	3619624704.000000
281474976710655.000000	6.544520	2869	3620670976.000000
281474976710655.000000	6.470873	2870	3621696768.000000
281474976710655.000000	6.094494	2871	3622743040.000000
281474976710655.000000	6.794057	2872	3623769344.000000
281474976710655.000000	6.596719	2873	3624815104.000000
281474976710655.000000	6.632157	2874	3625840128.000000
281474976710655.000000	6.560639	2875	3626888192.000000
281474976710655.000000	6.794997	2876	3627910656.000000
281474976710655.000000	6.335245	2877	3628961280.000000
281474976710655.000000	7.180467	2878	3629981696.000000
281474976710655.000000	6.827580	2879	3631037440.000000
281474976710655.000000	7.102150	2880	3632051456.000000
281474976710655.000000	6.886017	2881	3633110016.000000
281474976710655.000000	6.832685	2882	3634123264.000000
281474976710655.000000	6.889364	2883	3635183872.000000
281474976710655.000000	7.240032	2884	3636195328.000000
281474976710655.000000	7.230512	2885	3637256192.000000
281474976710655.000000	7.589650	2886	3638266880.000000
281474976710655.000000	7.070788	2887	3639328512.000000
281474976710655.000000	7.481903	2888	3640338944.000000
281474976710655.000000	7.281457	2889	3641399808.000000
281474976710655.000000	7.697807	2890	3642411520.000000
281474976710655.000000	7.380966	2891	3643472128.000000
281474976710655.000000	7.500405	2892	3644483584.000000
281474976710655.000000	7.464947	2893	3645544192.000000
281474976710655.000000	8.101645	2894	3646555648.000000
281474976710655.000000	7.298572	2895	3647616512.000000
281474976710655.000000	8.168924	2896	3648627968.000000
281474976710655.000000	7.786383	2897	3649689344.000000
281474976710655.000000	7.700922	2898	3650700288.000000
281474976710655.000000	7.831441	2899	3651761920.000000
281474976710655.000000	8.077229	2900	3652772608.000000
281474976710655.000000	7.951551	2901	3653833728.000000
281474976710655.000000	7.967853	2902	3654845440.000000
281474976710655.000000	7.793970	2903	3655905024.000000
281474976710655.000000	8.231608	2904	3656918272.000000
281474976710655.000000	7.885299	2905	3657976320.000000
281474976710655.000000	8.745284	2906	3658991360.000000
281474976710655.000000	8.451185	2907	3660047360.000000
281474976710655.000000	7.956716	2908	3661065472.000000
281474976710655.000000	7.867620	2909	3662117888.000000
281474976710655.000000	8.318276	2910	3663139328.000000
281474976710655.000000	8.271619	2911	3664188928.000000
281474976710655.000000	7.611934	2912	3665212672.000000
281474976710655.000000	8.452487	2913	3666259456.000000
281474976710655.000000	9.088144	2914	3667286528.000000
281474976710655.000000	7.651726	2915	3668331264.000000
281474976710655.000000	9.001574	2916	3669358336.000000
281474976710655.000000	9.099674	2917	3670403328.000000
281474976710655.000000	9.281200	2918	3671430912.000000
281474976710655.000000	8.562474	2919	3672475392.000000
281474976710655.000000	9.014272	2920	3673504000.000000
281474976710655.000000	8.708202	2921	3674548480.000000
281474976710655.000000	8.839910	2922	3675576064.000000
281474976710655.000000	9.224515	2923	3676620288.000000
281474976710655.000000	9.395965	2924	3677647872.000000
281474976710655.000000	8.756296	2925	3678692352.000000
281474976710655.000000	9.685855	2926	3679720704.000000
281474976710655.000000	8.157272	2927	3680764672.000000
281474976710655.000000	9.596730	2928	3681793280.000000
281474976710655.000000	9.509385	2929	3682836224.000000
281474976710655.000000	9.242680	2930	3683865600.000000
281474976710655.000000	8.919264	2931	3684909312.000000
281474976710655.000000	9.796768	2932	3685937152.000000
281474976710655.000000	9.710788	2933	3686981888.000000
281474976710655.000000	9.569181	2934	3688008960.000000
281474976710655.000000	9.740183	2935	3689055488.000000
281474976710655.000000	10.024309	2936	3690079488.000000
281474976710655.000000	10.079415	2937	3691128832.000000
281474976710655.000000	9.466207	2938	3692150528.000000
