time (s)	energy (uJ)	charge (mC)	voltage (mV)	crossing#mod 255
2212.757707	66.519859	0.034770	1.913136	74
2213.778014	62.154079	0.034727	1.789772	75
2214.832738	73.556389	0.034763	2.115938	76
2215.853083	71.828720	0.034737	2.067790	77
2216.904243	69.705994	0.034778	2.004316	78
2217.923483	70.372002	0.034752	2.024995	79
2218.976127	71.014656	0.034778	2.041913	80
2219.993909	71.303314	0.034749	2.051974	81
2221.048221	75.998817	0.034779	2.185199	82
2222.066821	76.614037	0.034744	2.205127	83
2223.120381	80.437584	0.034775	2.313076	84
2224.141614	79.802261	0.034734	2.297544	85
2225.190456	78.305000	0.034696	2.256889	86
2226.211675	76.337662	0.034740	2.197373	87
2227.261233	83.460350	0.034769	2.400424	88
2228.285512	79.881241	0.034745	2.299102	89
2229.330110	81.636063	0.034721	2.351177	90
2230.359127	84.723244	0.034745	2.438437	91
2231.404847	85.858803	0.034735	2.471851	92
2232.429185	85.812935	0.034722	2.471393	93
2233.479415	554.472351	0.034774	15.945234	94
2234.499059	90.530449	0.034681	2.610371	95
2235.553370	89.569778	0.034768	2.576226	96
2236.569557	93.345680	0.034745	2.686559	97
2237.626379	87.166962	0.034761	2.507632	98
2238.637867	92.380486	0.034709	2.661570	99
2239.701633	93.535515	0.034751	2.691616	100
2240.709313	96.548141	0.034638	2.787322	101
2241.772107	92.267403	0.034743	2.655717	102
2242.783566	100.725342	0.034709	2.902010	103
2243.844050	96.986412	0.034730	2.792615	104
2244.854543	101.069794	0.034707	2.912061	105
2245.915769	100.467926	0.034721	2.893564	106
2246.928055	105.378326	0.034700	3.036879	107
2247.987474	104.570457	0.034722	3.011628	108
2249.020647	131.532150	0.034659	3.795085	109
2250.058058	107.961815	0.034705	3.110856	110
2251.073902	130.393173	0.034712	3.756425	111
2252.130918	114.578903	0.034743	3.297931	112
2253.146196	110.360878	0.034706	3.179919	113
2254.200133	113.056503	0.034710	3.257130	114
2255.221462	117.482346	0.034696	3.386065	115
2256.271773	114.601234	0.034665	3.305917	116
2257.292054	116.050980	0.034721	3.342341	117
2258.344013	120.006027	0.034699	3.458456	118
2259.401048	171.852325	0.034721	4.949556	119
2260.417383	118.044678	0.034722	3.399699	120
2261.436257	123.593727	0.034712	3.560519	121
2262.489514	126.808990	0.034720	3.652353	122
2263.506672	124.318405	0.034672	3.585584	123
2264.560744	125.950729	0.034754	3.624086	124
2265.578882	128.726456	0.034724	3.707086	125
2266.633022	131.675827	0.034732	3.791216	126
2267.653426	134.722626	0.034683	3.884366	127
2268.704956	133.567291	0.034687	3.850679	128
2269.725633	137.381592	0.034645	3.965398	129
2270.776947	134.168121	0.034680	3.868712	130
2271.796352	140.274261	0.034681	4.044742	131
2272.851333	140.543121	0.034725	4.047368	132
2273.868301	145.839127	0.034704	4.202341	133
2274.924492	141.910233	0.034682	4.091703	134
2275.938854	145.096161	0.034652	4.187222	135
2277.003540	157.578705	0.034660	4.546435	136
2278.012279	152.557205	0.034689	4.397892	137
2279.068794	147.109222	0.034643	4.246453	138
2280.084814	154.171646	0.034678	4.445790	139
2281.140489	154.238174	0.034670	4.448732	140
2282.159052	155.367462	0.034657	4.482989	141
2283.211936	160.681046	0.034680	4.633267	142
2284.233035	159.690506	0.034637	4.610380	143
2285.281365	160.987442	0.034704	4.638906	144
2286.307382	162.946289	0.034708	4.694734	145
2287.352601	165.594376	0.034713	4.770329	146
2288.380752	163.743668	0.034630	4.728432	147
2289.423559	168.540009	0.034657	4.863103	148
2290.452888	170.102371	0.034628	4.912221	149
2291.496788	171.625443	0.034639	4.954753	150
2292.525018	172.115601	0.034693	4.961096	151
2293.569143	176.185104	0.034702	5.077110	152
2294.597280	177.362762	0.034686	5.113318	153
2295.642707	181.104324	0.034653	5.226251	154
2296.670579	525.186401	0.034695	15.137023	155
2297.716246	187.904816	0.034685	5.417510	156
2298.742936	185.640823	0.034656	5.356631	157
2299.787093	188.180496	0.034672	5.427391	158
2300.815447	188.639648	0.034681	5.439350	159
2301.858943	188.152390	0.034665	5.427665	160
2302.888587	195.300903	0.034649	5.636568	161
2303.931450	196.850937	0.034668	5.678133	162
2304.962609	199.449753	0.034693	5.749045	163
2306.004037	202.376190	0.034679	5.835674	164
2307.034712	199.879410	0.034582	5.779944	165
2308.077422	204.088226	0.034657	5.888774	166
2309.106960	205.595978	0.034607	5.940915	167
2310.151017	209.802032	0.034657	6.053692	168
2311.181040	219.368805	0.034646	6.331725	169
2312.225104	211.865341	0.034617	6.120299	170
2313.249244	218.671021	0.034665	6.308116	171
2314.299205	212.857178	0.034584	6.154871	172
2315.321379	222.202454	0.034602	6.421657	173
2316.372097	216.034424	0.034645	6.235728	174
2317.393125	224.063202	0.034649	6.466710	175
2318.445393	222.843582	0.034664	6.428591	176
2319.465665	226.046951	0.034661	6.521702	177
2320.518730	230.644028	0.034676	6.651464	178
2321.538877	233.271179	0.034637	6.734661	179
2322.591326	233.302628	0.034648	6.733479	180
2323.611785	260.817078	0.034672	7.522445	181
2324.664501	239.132645	0.034622	6.906909	182
2325.685149	236.921127	0.034640	6.839461	183
2326.735255	239.214706	0.034676	6.898546	184
2327.758685	240.852798	0.034621	6.956920	185
2328.809067	244.124069	0.034640	7.047472	186
2329.832415	245.166718	0.034660	7.073402	187
2330.881436	248.456192	0.034650	7.170473	188
2331.903436	242.911758	0.034631	7.014360	189
2332.954645	248.440735	0.034629	7.174336	190
2333.977764	255.657791	0.034660	7.376107	191
2335.028390	254.570038	0.034664	7.344020	192
2336.050832	523.179871	0.034662	15.093598	193
2337.099811	253.074615	0.034670	7.299582	194
2338.123260	264.329010	0.034691	7.619590	195
2339.173592	266.475098	0.034645	7.691626	196
2340.195902	269.998596	0.034661	7.789757	197
2341.247220	269.102173	0.034667	7.762501	198
2342.270697	297.954285	0.034633	8.603166	199
