time (s)	energy (uJ)	charge (mC)	voltage (mV)	crossing#mod 255
4149.171431	58.189632	0.012568	4.629867	47
4150.218912	60.632507	0.012578	4.820543	48
4151.242091	59.310017	0.012569	4.718585	49
4152.292742	61.402706	0.012587	4.878220	50
4153.313616	63.404293	0.012566	5.045661	51
4154.369991	62.648842	0.012592	4.975473	52
4155.381642	60.205681	0.012568	4.790557	53
4156.444184	62.416485	0.012559	4.970018	54
4157.455493	63.839451	0.012562	5.082105	55
4158.516332	60.992622	0.012548	4.860743	56
4159.528794	63.597610	0.012586	5.053191	57
4160.589900	64.406242	0.012605	5.109465	58
4161.601025	63.412888	0.012541	5.056345	59
4162.660511	61.754379	0.012565	4.914900	60
4163.676434	62.101860	0.012565	4.942587	61
4164.730687	65.533127	0.012564	5.215786	62
4165.753532	66.795341	0.012562	5.317375	63
4166.801604	65.607643	0.012564	5.221808	64
4167.826620	63.369377	0.012558	5.045986	65
4168.873680	62.920757	0.012563	5.008588	66
4169.897972	66.835724	0.012562	5.320623	67
4170.945180	58.972004	0.012556	4.696882	68
4171.964616	66.802704	0.012552	5.322110	69
4173.025841	62.636280	0.012517	5.004056	70
4174.040065	67.890602	0.012573	5.399605	71
4175.096905	68.088493	0.012551	5.424992	72
4176.117634	66.638885	0.012563	5.304220	73
4177.165094	66.625526	0.012559	5.305185	74
4178.190021	66.052155	0.012564	5.257063	75
4179.239738	67.128258	0.012605	5.325498	76
4180.257294	67.511360	0.012551	5.379119	77
4181.317881	64.768318	0.012560	5.156720	78
4182.329175	67.991211	0.012576	5.406491	79
4183.389430	69.208191	0.012554	5.513029	80
4184.407066	66.557922	0.012561	5.298845	81
4185.457266	68.080109	0.012581	5.411142	82
4186.484185	68.818748	0.012565	5.476953	83
4187.531871	71.242485	0.012574	5.665934	84
4188.553730	69.514359	0.012561	5.534346	85
4189.606143	69.043686	0.012526	5.512065	86
4190.622442	69.226738	0.012556	5.513591	87
4191.683482	70.903175	0.012558	5.645885	88
4192.694313	70.872765	0.012558	5.643857	89
4193.756481	71.472816	0.012573	5.684408	90
4194.767912	68.675598	0.012547	5.473648	91
4195.829348	70.555939	0.012559	5.617735	92
4196.841828	72.356598	0.012582	5.750787	93
4197.902058	73.405067	0.012560	5.844400	94
4198.914282	70.774971	0.012524	5.650957	95
4199.974644	75.028664	0.012557	5.974954	96
4200.988264	72.459419	0.012552	5.772645	97
4202.045933	73.577171	0.012577	5.850189	98
4203.061334	72.652939	0.012548	5.790119	99
4204.121781	75.744469	0.012546	6.037480	100
4205.134803	74.392723	0.012549	5.927950	101
4206.192412	73.610580	0.012552	5.864313	102
4207.206456	73.143723	0.012548	5.829080	103
4208.267558	74.232300	0.012549	5.915335	104
4209.279246	75.044952	0.012578	5.966542	105
4210.340391	74.753708	0.012563	5.950449	106
4211.351632	73.711029	0.012552	5.872494	107
4212.413987	77.053925	0.012558	6.135972	108
4213.426393	73.771622	0.012538	5.883952	109
4214.482213	75.825844	0.012551	6.041354	110
4215.502175	73.299500	0.012550	5.840532	111
4216.554817	79.187874	0.012568	6.300746	112
4217.579115	76.528336	0.012572	6.086984	113
4218.625620	76.920403	0.012528	6.139931	114
4219.650024	77.780922	0.012554	6.195894	115
4220.703682	76.127502	0.012573	6.054910	116
4221.719382	78.980591	0.012552	6.292418	117
4222.778920	77.545242	0.012552	6.177932	118
4223.791107	78.244667	0.012547	6.236221	119
4224.852924	79.923286	0.012549	6.369150	120
4225.865546	74.586060	0.012543	5.946578	121
4226.921213	80.474747	0.012605	6.384514	122
4227.941106	75.718056	0.012549	6.033963	123
4228.991990	81.514732	0.012549	6.495603	124
4230.017791	78.745003	0.012556	6.271346	125
4231.065275	80.570061	0.012569	6.410311	126
4232.086898	77.537605	0.012532	6.187332	127
4233.141142	80.492859	0.012577	6.399968	128
4234.157164	80.292252	0.012574	6.385489	129
4235.216930	80.659828	0.012532	6.436410	130
4236.228148	79.162132	0.012550	6.307540	131
4237.289248	80.759201	0.012524	6.448508	132
4238.301818	79.687546	0.012573	6.337916	133
4239.362969	82.256233	0.012575	6.541344	134
4240.375482	78.688988	0.012528	6.281013	135
4241.435032	82.934296	0.012557	6.604716	136
4242.449435	79.315727	0.012609	6.290347	137
4243.509179	85.083290	0.012554	6.777205	138
4244.523075	80.167664	0.012565	6.380068	139
4245.580662	83.033165	0.012535	6.623889	140
4246.596733	80.717949	0.012559	6.427144	141
4247.656419	85.834549	0.012557	6.835561	142
4248.669523	81.563950	0.012554	6.497272	143
4249.729332	86.347321	0.012555	6.877512	144
4250.740188	80.180252	0.012546	6.390702	145
4251.800944	84.835350	0.012553	6.758000	146
4252.813209	82.183548	0.012551	6.547885	147
4253.874611	85.148705	0.012567	6.775840	148
4254.888287	83.610069	0.012546	6.664247	149
4255.947568	88.474937	0.012548	7.050663	150
4256.963741	84.190262	0.012557	6.704520	151
4258.016802	86.502411	0.012538	6.899147	152
4259.040166	84.770668	0.012547	6.756067	153
4260.087383	88.180161	0.012546	7.028736	154
4261.113676	83.844475	0.012558	6.676687	155
4262.160634	88.992073	0.012550	7.091003	156
4263.185431	84.330872	0.012575	6.706253	157
4264.235567	89.067764	0.012547	7.098684	158
4265.255402	83.483376	0.012526	6.664756	159
4266.312693	88.797165	0.012530	7.086893	160
4267.327047	86.449348	0.012559	6.883422	161
4268.387123	89.856537	0.012554	7.157656	162
4269.399053	86.378944	0.012563	6.875551	163
4270.455368	88.874939	0.012541	7.086498	164
4271.475097	87.746040	0.012550	6.991974	165
4272.528697	92.190033	0.012558	7.340942	166
4273.551070	87.402077	0.012552	6.963081	167
4274.600446	96.562744	0.012553	7.692532	168
4275.626755	87.443718	0.012547	6.969385	169
4276.672909	92.491119	0.012549	7.370237	170
4277.698718	89.478096	0.012553	7.128028	171
4278.746981	94.739922	0.012565	7.539820	172
4279.770165	86.769592	0.012537	6.921309	173
4280.820890	94.838753	0.012565	7.547930	174
4281.845203	87.660469	0.012505	7.010309	175
4282.894946	94.613022	0.012569	7.527300	176
4283.917739	89.935104	0.012561	7.160062	177
4284.968237	94.004219	0.012559	7.485001	178
4285.989810	88.604538	0.012541	7.064998	179
4287.041531	96.754868	0.012569	7.697940	180
4288.063479	88.458931	0.012569	7.038045	181
4289.114829	97.401146	0.012571	7.748038	182
4290.139351	89.802048	0.012552	7.154148	183
4291.186718	98.447838	0.012560	7.838179	184
4292.212704	89.649643	0.012547	7.144822	185
4293.259081	98.292366	0.012574	7.816860	186
4294.285471	91.155258	0.012539	7.269504	187
4295.335227	98.484573	0.012542	7.852123	188
4296.357723	93.412857	0.012557	7.438991	189
4297.408306	97.435493	0.012540	7.769700	190
4298.428885	94.861259	0.012570	7.546469	191
4299.484928	98.363701	0.012563	7.829818	192
4300.500130	92.041809	0.012512	7.356091	193
4301.561045	102.854240	0.012568	8.184029	194
4302.574551	93.752014	0.012552	7.469258	195
4303.632070	101.133781	0.012547	8.060564	196
4304.648248	92.930489	0.012544	7.408629	197
4305.702221	97.733337	0.012483	7.829215	198
