crossing time (s)	slope (V/s)	crossing number
281474976710655.000000	3.813572	3854	0.000000
281474976710655.000000	3.447765	3855	4771481088.000000
281474976710655.000000	2.281186	3856	4772528128.000000
281474976710655.000000	4.046031	3857	4773554688.000000
281474976710655.000000	4.352140	3858	4774593536.000000
281474976710655.000000	3.969821	3859	4775617536.000000
281474976710655.000000	2.421600	3860	4776681984.000000
281474976710655.000000	3.466629	3861	4777693696.000000
281474976710655.000000	3.605214	3862	4778753536.000000
281474976710655.000000	3.798518	3863	4779769856.000000
281474976710655.000000	4.324597	3864	4780813312.000000
281474976710655.000000	3.947614	3865	4781835776.000000
281474976710655.000000	3.076103	3866	4782892032.000000
281474976710655.000000	3.870934	3867	4783914496.000000
281474976710655.000000	3.468946	3868	4784962048.000000
281474976710655.000000	4.038101	3869	4785986048.000000
281474976710655.000000	4.460789	3870	4787035136.000000
281474976710655.000000	4.476874	3871	4788058112.000000
281474976710655.000000	3.624150	3872	4789101568.000000
281474976710655.000000	4.023073	3873	4790130176.000000
281474976710655.000000	3.600860	3874	4791180800.000000
281474976710655.000000	4.428493	3875	4792202240.000000
281474976710655.000000	3.881942	3876	4793254912.000000
281474976710655.000000	4.202927	3877	4794275840.000000
281474976710655.000000	4.769585	3878	4795323904.000000
281474976710655.000000	4.708848	3879	4796346880.000000
281474976710655.000000	3.930532	3880	4797392384.000000
281474976710655.000000	4.572757	3881	4798418944.000000
281474976710655.000000	4.049721	3882	4799469568.000000
281474976710655.000000	4.357497	3883	4800496128.000000
281474976710655.000000	4.082027	3884	4801535488.000000
281474976710655.000000	4.610047	3885	4802570240.000000
281474976710655.000000	4.766855	3886	4803610112.000000
281474976710655.000000	5.085872	3887	4804644352.000000
281474976710655.000000	4.537550	3888	4805679104.000000
281474976710655.000000	4.606889	3889	4806718976.000000
281474976710655.000000	4.882086	3890	4807748096.000000
281474976710655.000000	4.810461	3891	4808790528.000000
281474976710655.000000	4.188832	3892	4809820160.000000
281474976710655.000000	4.847611	3893	4810866688.000000
281474976710655.000000	4.856044	3894	4811895296.000000
281474976710655.000000	5.197129	3895	4812940288.000000
281474976710655.000000	5.333158	3896	4813958656.000000
281474976710655.000000	4.929614	3897	4815011840.000000
281474976710655.000000	5.100022	3898	4816034816.000000
281474976710655.000000	4.984764	3899	4817086464.000000
281474976710655.000000	4.818479	3900	4818109440.000000
281474976710655.000000	5.348016	3901	4819159552.000000
281474976710655.000000	5.239186	3902	4820179968.000000
281474976710655.000000	5.107090	3903	4821231104.000000
281474976710655.000000	5.246065	3904	4822251520.000000
281474976710655.000000	5.378864	3905	4823303168.000000
281474976710655.000000	4.825736	3906	4824326656.000000
281474976710655.000000	5.460655	3907	4825375232.000000
281474976710655.000000	5.677261	3908	4826399232.000000
281474976710655.000000	5.664496	3909	4827447808.000000
281474976710655.000000	5.386693	3910	4828472832.000000
281474976710655.000000	6.427994	3911	4829521920.000000
281474976710655.000000	5.210975	3912	4830543872.000000
281474976710655.000000	6.070662	3913	4831589376.000000
281474976710655.000000	6.027620	3914	4832621568.000000
281474976710655.000000	6.065391	3915	4833659904.000000
281474976710655.000000	5.571266	3916	4834696704.000000
281474976710655.000000	5.883007	3917	4835727872.000000
281474976710655.000000	5.614548	3918	4836773888.000000
281474976710655.000000	6.039723	3919	4837799936.000000
281474976710655.000000	6.052077	3920	4838845952.000000
281474976710655.000000	6.253359	3921	4839871488.000000
281474976710655.000000	5.810726	3922	4840918016.000000
281474976710655.000000	6.122056	3923	4841945088.000000
281474976710655.000000	6.052066	3924	4842990080.000000
281474976710655.000000	6.349641	3925	4844017664.000000
281474976710655.000000	6.512149	3926	4845063168.000000
281474976710655.000000	6.319901	3927	4846090240.000000
281474976710655.000000	6.094401	3928	4847135744.000000
281474976710655.000000	6.350577	3929	4848162816.000000
281474976710655.000000	6.220821	3930	4849207808.000000
281474976710655.000000	6.706285	3931	4850235392.000000
281474976710655.000000	6.410687	3932	4851281408.000000
281474976710655.000000	6.467327	3933	4852305920.000000
281474976710655.000000	6.557237	3934	4853353984.000000
281474976710655.000000	6.360507	3935	4854379008.000000
281474976710655.000000	6.325837	3936	4855425536.000000
281474976710655.000000	6.505868	3937	4856452096.000000
281474976710655.000000	6.821470	3938	4857498112.000000
281474976710655.000000	6.485911	3939	4858526720.000000
281474976710655.000000	6.924969	3940	4859569664.000000
281474976710655.000000	7.041993	3941	4860600832.000000
281474976710655.000000	7.039782	3942	4861639168.000000
281474976710655.000000	7.125290	3943	4862675456.000000
281474976710655.000000	7.002810	3944	4863710720.000000
281474976710655.000000	6.885828	3945	4864749056.000000
281474976710655.000000	7.134855	3946	4865781760.000000
281474976710655.000000	7.103393	3947	4866823168.000000
281474976710655.000000	7.008929	3948	4867853824.000000
281474976710655.000000	7.306149	3949	4868896768.000000
281474976710655.000000	7.536958	3950	4869924864.000000
281474976710655.000000	7.103948	3951	4870969344.000000
281474976710655.000000	6.950672	3952	4871997440.000000
281474976710655.000000	7.269985	3953	4873041920.000000
281474976710655.000000	7.245876	3954	4874069504.000000
281474976710655.000000	7.043992	3955	4875113984.000000
281474976710655.000000	7.392660	3956	4876143104.000000
281474976710655.000000	7.652731	3957	4877186048.000000
281474976710655.000000	7.512043	3958	4878215168.000000
281474976710655.000000	7.336740	3959	4879259648.000000
281474976710655.000000	7.404540	3960	4880287232.000000
281474976710655.000000	7.648432	3961	4881330688.000000
281474976710655.000000	7.479092	3962	4882360320.000000
281474976710655.000000	7.607973	3963	4883403264.000000
281474976710655.000000	8.235839	3964	4884433408.000000
281474976710655.000000	7.605986	3965	4885474816.000000
281474976710655.000000	7.936122	3966	4886507520.000000
281474976710655.000000	8.102272	3967	4887545856.000000
281474976710655.000000	7.833109	3968	4888581632.000000
281474976710655.000000	8.174039	3969	4889617920.000000
281474976710655.000000	8.121734	3970	4890654720.000000
281474976710655.000000	8.299946	3971	4891688960.000000
281474976710655.000000	7.988103	3972	4892729344.000000
281474976710655.000000	8.294235	3973	4893760000.000000
281474976710655.000000	8.183911	3974	4894803456.000000
281474976710655.000000	7.881034	3975	4895831552.000000
281474976710655.000000	8.435861	3976	4896875008.000000
281474976710655.000000	8.020310	3977	4897904128.000000
281474976710655.000000	8.170455	3978	4898947584.000000
281474976710655.000000	8.345413	3979	4899976192.000000
281474976710655.000000	8.425127	3980	4901019648.000000
281474976710655.000000	7.962192	3981	4902049280.000000
281474976710655.000000	7.685672	3982	4903092224.000000
